9.222320100000000309e+01 2.423000899999999902e+01
9.219265199999999538e+01 2.425375800000000126e+01
9.217567800000000489e+01 2.424631099999999861e+01
9.246813400000000627e+01 2.403918200000000027e+01
9.231267200000000628e+01 2.423472800000000049e+01
9.232917700000000139e+01 2.432254100000000108e+01
9.217968700000000126e+01 2.431416099999999858e+01
9.233265000000000100e+01 2.434042900000000031e+01
9.203165500000000065e+01 2.404744499999999974e+01
9.218860100000000557e+01 2.425850499999999954e+01
9.240976000000000568e+01 2.439636899999999997e+01
9.233241099999999335e+01 2.424874200000000002e+01
9.216600099999999429e+01 2.420989700000000155e+01
9.228707699999999647e+01 2.421838400000000036e+01
9.236844800000000077e+01 2.425205599999999961e+01
9.221190300000000661e+01 2.436258000000000123e+01
9.217241400000000340e+01 2.422034299999999973e+01
9.221692600000000084e+01 2.433322100000000177e+01
9.213882099999999298e+01 2.425132100000000079e+01
9.247722000000000264e+01 2.430547699999999978e+01
9.257214299999999696e+01 2.430096400000000045e+01
9.226265800000000183e+01 2.417684200000000061e+01
9.246644100000000321e+01 2.383272200000000041e+01
9.223520800000000008e+01 2.430564299999999989e+01
9.216781199999999785e+01 2.424256799999999856e+01
9.238042099999999834e+01 2.400210099999999969e+01
9.226994200000000035e+01 2.429966999999999899e+01
9.240989899999999579e+01 2.422512499999999847e+01
9.234218400000000315e+01 2.419073200000000057e+01
9.228116099999999733e+01 2.414267900000000111e+01
9.215637099999999293e+01 2.431331899999999990e+01
9.239962199999999370e+01 2.435627399999999909e+01
9.204352799999999490e+01 2.423004999999999853e+01
9.186177299999999946e+01 2.430929300000000026e+01
9.231529700000000105e+01 2.422236600000000095e+01
9.198141900000000248e+01 2.418397999999999826e+01
9.219276299999999935e+01 2.434796100000000152e+01
9.213353100000000495e+01 2.430092499999999944e+01
9.227185500000000218e+01 2.433810400000000129e+01
9.270837000000000216e+01 2.402678299999999822e+01
9.212568299999999510e+01 2.399823500000000109e+01
9.244453400000000443e+01 2.443923200000000051e+01
9.225695799999999736e+01 2.425507100000000094e+01
9.205918499999999938e+01 2.402827600000000174e+01
9.188901199999999392e+01 2.430909600000000026e+01
9.211929899999999805e+01 2.426836300000000080e+01
9.247811599999999999e+01 2.434632600000000124e+01
9.222092899999999815e+01 2.419671200000000155e+01
9.216753300000000593e+01 2.430428900000000070e+01
9.216961399999999571e+01 2.433305299999999960e+01
9.231178199999999379e+01 2.413331300000000113e+01
9.232509199999999794e+01 2.426977899999999977e+01
9.219745199999999841e+01 2.407914399999999944e+01
9.226205299999999454e+01 2.432306700000000177e+01
9.196223600000000431e+01 2.407912299999999917e+01
9.228559400000000323e+01 2.404370099999999866e+01
9.189092700000000491e+01 2.431934400000000096e+01
9.217259900000000528e+01 2.406290399999999963e+01
9.234100800000000220e+01 2.437279799999999952e+01
9.238797399999999982e+01 2.401912499999999895e+01
9.222958199999999351e+01 2.432322200000000123e+01
9.227703599999999540e+01 2.435840400000000017e+01
9.236912200000000439e+01 2.409381399999999829e+01
9.226200099999999793e+01 2.405232300000000123e+01
9.234145700000000545e+01 2.416018000000000043e+01
9.219121499999999969e+01 2.403231999999999857e+01
9.231555299999999420e+01 2.424029399999999868e+01
9.227339000000000624e+01 2.410442099999999854e+01
9.212531199999999387e+01 2.429204400000000064e+01
9.259512200000000348e+01 2.425190299999999866e+01
9.234462999999999511e+01 2.429919399999999996e+01
9.223681299999999794e+01 2.422026599999999874e+01
9.243782500000000368e+01 2.434828699999999913e+01
9.239693300000000420e+01 2.436080400000000168e+01
9.193465399999999477e+01 2.404345100000000102e+01
9.221846200000000238e+01 2.428453199999999867e+01
9.278938300000000083e+01 2.453201400000000021e+01
9.232771099999999365e+01 2.407633900000000082e+01
9.251633200000000556e+01 2.396673099999999934e+01
9.235236799999999846e+01 2.431295700000000082e+01
9.216142999999999574e+01 2.431749900000000153e+01
9.155755399999999611e+01 2.431683900000000165e+01
9.228208399999999756e+01 2.405343900000000090e+01
9.205418400000000645e+01 2.422116099999999861e+01
9.223855500000000518e+01 2.429935000000000045e+01
9.250602499999999395e+01 2.414926900000000032e+01
9.210895999999999617e+01 2.412067700000000059e+01
9.196253799999999501e+01 2.416487400000000108e+01
9.228460499999999911e+01 2.401779499999999956e+01
9.234103700000000003e+01 2.433824999999999861e+01
9.244497499999999945e+01 2.445226299999999853e+01
9.223399799999999971e+01 2.371661200000000136e+01
9.240088400000000490e+01 2.436886600000000058e+01
9.259931500000000426e+01 2.436136000000000124e+01
9.220051300000000083e+01 2.401845300000000094e+01
9.223074400000000139e+01 2.405358500000000177e+01
9.226711199999999735e+01 2.408249299999999948e+01
9.222140299999999513e+01 2.413074900000000156e+01
9.248816899999999919e+01 2.441265500000000088e+01
9.219177999999999429e+01 2.414231799999999950e+01
9.260249100000000055e+01 2.429646400000000028e+01
9.194269900000000462e+01 2.431160799999999966e+01
9.209787699999999688e+01 2.427062700000000106e+01
9.210193599999999492e+01 2.406802199999999914e+01
9.229858099999999865e+01 2.426449099999999959e+01
9.242175500000000454e+01 2.435645699999999891e+01
9.210340100000000518e+01 2.398860600000000076e+01
9.226613899999999546e+01 2.415037099999999981e+01
9.226520700000000375e+01 2.422419599999999917e+01
9.215097900000000664e+01 2.426455400000000040e+01
9.216933699999999874e+01 2.431943700000000064e+01
9.243191000000000201e+01 2.433026500000000070e+01
9.212285300000000632e+01 2.425774900000000045e+01
9.235866500000000201e+01 2.417516099999999923e+01
9.213897799999999449e+01 2.403614200000000167e+01
9.222962200000000621e+01 2.427337400000000045e+01
9.278895699999999636e+01 2.413506699999999938e+01
9.218278300000000058e+01 2.410726800000000125e+01
9.215386499999999614e+01 2.432260300000000086e+01
9.208085199999999304e+01 2.413483499999999893e+01
9.244951299999999605e+01 2.414728300000000161e+01
9.229607400000000439e+01 2.428664500000000004e+01
9.230783900000000131e+01 2.405519699999999972e+01
9.196216900000000294e+01 2.428068199999999877e+01
9.222100100000000111e+01 2.417929600000000079e+01
9.254637900000000172e+01 2.425846100000000050e+01
9.251825100000000646e+01 2.426221299999999914e+01
9.216379899999999736e+01 2.430946099999999888e+01
